М
 188
МА
 167,201,200,197,187
МА-АЛКИ
 200
МАВРОДИНОВА
 84
МАГАЗИН
 187
МАГАРЕ
 131
МАГЕСНИК
 120
МАГИЯ
 193,73
МАЕНЕ
 75,16
МАЗГАЗИНА
 182
МАЗЕН
 29
МАЗНО
 184
МАЗОВИ
 58
МАЗОЛЕСТ
 201
МАЗОХИСТИЧНО
 182
МАЙ
 201,203,193,182,147,125
МАЙКА
 190,98,200,192,119,104
МАЙКА-КЪРМАЧКА
 104
МАЙКАТА
 190,182,170
МАЙКИ
 190
МАЙНАТА
 190
МАЙСТОРСТВОТО
 196
МАЙЧИНО
 98
МАКАР
 201,184,200,191,185,156,140,93,87
МАКДОНАЛД
 187,182
МАКДОНАЛД'С
 182
МАКДОНАЛД’С
 187
МАЛАМАШКАТА
 184
МАЛЕ
 197,194
МАЛЕЕ
 198
МАЛКА
 79,185,182,18,201,200,192,191,25
МАЛКАТА
 191,185,79
МАЛКИ
 182,190,188
МАЛКИЯ
 182
МАЛКО
 192,191,188,182,144,127,201,199,197,190,148,140,98,92,37,26,15,5
МАЛКОТО
 192,98
МАЛОВАЖЕН
 12
МАЛОВАЖНИ
 201
МАЛОВАЖНИТЕ
 200
МАЛЦИНАТА
 182
МАЛЦИНСТВА
 188
МАЛЦИНСТВО
 188
МАЛЪК
 200,191,146,93,26
МАМИМ
 187
МАМИМЕ
 121
МАМКА
 197,198,190
МАМЯТ
 187
МАНЕВРА
 193
МАНЕКЕНСКИ
 201
МАНИКЮР
 191
МАНИЯ
 185,160
МАРИАНСКАТА
 199
МАРИХУАНА
 201
МАРИЯ
 117
МАРКЕТИ
 182
МАРКЕТИНГ
 187
МАРКИРАНЕ
 182
МАРЛЯ
 190
МАРОДЕРСКИ
 143
МАРТ
 10
МАРШ
 20
МАРШРУТ
 193
МАРШРУТИТЕ
 191
МАРШРУТКА
 193
МАСА
 201,187,185
МАСАТА
 190
МАСИВ
 182
МАСКА
 50,166,81
МАСКАТА
 192,191,81,32
МАСКИ
 182
МАСКИТЕ
 182,122,57,44
МАСЛЕНИ
 187
МАСЛО
 201,140
МАСОВ
 187
МАСОВА
 103
МАСОВО
 187,192
МАСОВОТО
 201
МАСТИКА
 183
МАСТИЛО
 72
МАСТИЛОТО
 182
МАСТИТИ
 187
МАСТУРБИРАМ
 182
МАСУРА
 201
МАТЕРИАЛ
 194,191,190
МАТЕРИАЛА
 197
МАТЕРИАЛИ
 190
МАТЕРИАЛИ/СВИДЕТЕЛИ/ПОТЪРПЕВШИ
 190
МАТЕРИЯ
 184
МАТРАКА
 197
МАТРИЦАТА
 18
МАФИЯ
 190
МАХВА
 99
МАХЛЕНСКА
 192
МАХМУРLOOK
 182
МАХНА
 15
МАХНАХ
 193
МАЦОТЕШЕ
 200
МАЧ
 193
МАЧОВЕ
 190
МАШИНА
 191
МАШИНАТА
 191
МАШИНИ
 191
МАШИНИТЕ
 58
МАШИННИ
 107
МАЩАБ
 26
МАЩАБИТЕ
 187
МАЩАБНА
 187
МАЩЕХА
 182,119
МАЯ
 187
МВР
 189
МЕ
 182,198,184,165,187,185,52,48,47,58,197,183,51,45,36,193,171,145,138,80,33,16,14,207,127,120,96,94,72,44,39,27,26,12,11,10,204,194,190,177,166,135,134,122,93,86,81,78,70,64,62,57,54,40,28,25,24,19,17,7,5
МЕД
 201
МЕДИИТЕ
 189
МЕДИЙНА
 189
МЕДИЙНИЯ
 188
МЕДУЗА
 192
МЕЖДУ
 39,201,182,200,193,191,183,47
МЕЖДУНАРОДНО
 193
МЕЗЕ
 196,111,52
МЕЙКЪРИ
 191
МЕЙКЪРИТЕ
 191
МЕЙЛБОКСА
 137
МЕК
 199
МЕКИ
 184
МЕЛАНХОЛИЯ
 185
МЕЛНИЦИ
 100
МЕЛОДИЯ
 182
МЕЛОДИЯТА
 65
МЕН
 182,28,203,86,197,185,177,140,92,52,42,41,207,205,198,192,183,173,172,171,137,135,108,104,87,71,51,38,37,36,30,24,17,16,15,14,11,10,7
МЕНА
 199
МЕНАЖИРАТ
 189
МЕНГЕМЕ
 33
МЕНЕ
 182,138,52,10,91,27,24,21,203,185,149,75,48,43,30,18,15
МЕНСТР
 182
МЕНСТР'АЛНА
 182
МЕНСТРУАЦИЯ
 191
МЕНСЪН
 207
МЕНТЕ
 81
МЕНТЕТАТА
 160
МЕРАКА
 185
МЕРАЦИ
 191
МЕРИЛИН
 207
МЕРИШ
 31
МЕРКИ
 201,190,189
МЕРОПРИЯТИЕ
 201
МЕСАРСКИ
 106
МЕСАРЩИНА
 182
МЕСЕЦ
 190,193
МЕСЕЦА
 198,200,199
МЕСЕЦИ
 191,201,198,98,16
МЕСИЯ
 182
МЕСИЯТА
 185
МЕСО
 187
МЕСТА
 187,182
МЕСТОИМЕНИЯ
 133
МЕСТОПРЕСТЪПЛЕНИЕТО
 189
МЕТАБОЛИЗМЕНО
 138
МЕТАЛНИ
 159
МЕТАСТАЗА
 10
МЕТАСТАЗНО
 27
МЕТАФОРИ
 160
МЕТЕЖ
 185
МЕТЕШЕ
 193
МЕТНАХМЕ
 197
МЕТРИ
 190
МЕТРОЛОГИЧНИ
 199
МЕТЪЛ
 197
МЕХАНИЗМЪТ
 191
МЕХАНИЗЪМ
 74,70
МЕХАНИЧНО
 182
МЕЧ
 112
МЕЧТА
 63,182,185,184,75,23,8
МЕЧТАЕ
 132
МЕЧТАЕХ
 147
МЕЧТАЕШЕ
 201,200
МЕЧТАНАТА
 185
МЕЧТАНО
 164
МЕЧТАТА
 185,182
МЕЧТАЯ
 8,203,71,41
МЕЧТИ
 185,182,206,165,184,183,169,164,156,147,141,127,109,103,100,99,89,84,76,66,9,5
МЕЧТИТЕ
 184,182,176,183,172,170,156,148,100,81,77,71,70,67,64,61,60,57,56,55,51,44,19
МИ
 182,198,184,193,190,185,170,140,197,35,70,29,207,205,187,176,167,87,56,40,36,24,206,204,183,137,136,117,100,90,79,74,72,37,33,26,12,10,203,200,192,191,177,174,172,165,163,159,158,149,134,133,127,105,95,91,82,80,67,59,57,47,46,45,42,34,31,19,17,16,8
МИГ
 161,206,147,121,90,18
МИГА
 161,94
МИГАР
 182
МИГАЩ
 191
МИГЛИ
 199
МИГОВЕ
 13
МИГЪТ
 161,206
МИДА
 182
МИЕНЕ
 103
МИЗЕРИЯ
 193
МИКРОВЪЛНОВО
 37
МИКРОН
 63
МИКС
 197,182
МИЛА
 182
МИЛАТА
 200,193
МИЛВАМ
 203
МИЛИ
 177,185
МИЛИАРДНО
 7
МИЛИМЕТЪР
 142
МИЛИОН
 128
МИЛИОНА
 177
МИЛИОНЕРИ
 190
МИЛИОНИ
 196,187,182,104,13
МИЛИОННО
 65
МИЛИЦИОНЕР
 191
МИЛИЦИОНЕРЩИНАТА
 191
МИЛИЦИЯ
 191
МИЛО
 185,184,81
МИЛОСТ
 103,91
МИЛУВКАТА
 91
МИЛУВКИ
 159
МИМОЛЕТЕН
 184
МИНА
 193,200,194
МИНАВАШ
 86
МИНАЛАТА
 191
МИНАЛИЯ
 190
МИНАЛО
 24,184,150
МИНАЛОТО
 183,125
МИНАТИ
 55
МИНАХ
 193
МИНЕ
 182,142
МИНИ
 175,113
МИНИАТЮРИ
 151
МИНИАТЮРНИ
 59
МИНИМАЛНИ
 193
МИНИМАЛНО
 182
МИНИМУМ
 190
МИНИСТРИ
 190
МИНИСТЪР
 193,190
МИНИСТЪР-ПРЕДСЕДАТЕЛ
 190
МИНОР
 53
МИНУВАЧ
 199,114,113
МИНУВАЧКА
 199
МИНУС
 192
МИНУСИ
 107
МИНУТА
 206,196
МИНУТИ
 193,198
МИНУТКА
 206,45
МИНУТНИ
 201
МИОКАРД
 182
МИР
 200,199,182
МИРИЗМА
 183
МИРИЗМАТА
 183
МИРИС
 142,100
МИРИСА
 111
МИРИША
 184
МИРИШЕ
 199,192
МИРИШЕШЕ
 99
МИРОГЛЕДА
 182
МИСИЯ
 191,182
МИСЛЕЛ
 193
МИСЛЕНЕ
 182
МИСЛЕХ
 184,67,14
МИСЛЕШЕ
 183
МИСЛИ
 107,33
МИСЛИМ
 182
МИСЛИТЕ
 182
МИСЛИШ
 187,185,140
МИСЛЯ
 191,199,193,190,153
МИСЛЯТ
 190
МИСЪЛ
 27,200,191,91,29
МИСЪЛТА
 207,189
МИТА
 84
МИТОВЕ
 87
МИШЕНА
 46
МИШЕНИ
 184
МИШЦИТЕ
 128
МЛАД
 201,200,190,10
МЛАДА
 191
МЛАДАТА
 200,191,98
МЛАДЕЖИ
 190
МЛАДИ
 100,197,189,183,182,127,38,3
МЛАДИТЕ
 190,189,192,191,185
МЛАДИЯ
 201,200,182
МЛАДИЯТ
 201,200
МЛАДО
 191,189
МЛАДОЛИК
 59
МЛАДОСТ
 193,128,111,103
МЛАДОСТТА
 170
МЛАДОТО
 191
МЛАТЕХ
 182
МЛАТИ
 27
МЛЕКОПИТАЕЩИ
 182,11
МЛЕЧНА
 187
МЛЕЧНИ
 187
МЛЪКВАМ
 182
МЛЪКНА
 182
МЛЪКНЕ
 141
МЛЪКНЕШ
 182
МЛЪКНИ
 185
МЛЯКО
 187,183
МНЕНИЕ
 200,189,182
МНИМА
 182
МНОГО
 191,198,192,201,182,200,197,196,190,185,136,203,194,193,189,187,184,180,134,129,59,57,56,42,40,26,19
МНОГО-МНОГО
 191
МНОГОКРАТНИ
 196
МНОГОКРАТНО
 189
МНОГОСТРАННА
 192
МНОГОТО
 192
МНОЖА
 83
МНОЖЕСТВО
 182
МНОЖИ
 83
МОБИЛНИЯ
 201
МОБИЛНИЯТ
 187
МОГА
 191,198,193,190,187,185,184,182,144,94,93,57
МОГАТ
 190,189,187
МОГЛА
 199
МОГЪЛ
 192,59
МОДЕЛ
 11,200,182
МОДЕРНИ
 191,156
МОДИФИЦИРАН
 134
МОЕ
 184,187,182,144,92
МОЕТО
 187,184,182,144,82,24
МОЖА
 198,193
МОЖАХ
 205,197,193
МОЖЕ
 190,191,199,189,200,185,201,197,196,194,192,188,184,183,182,137,22,18
МОЖЕМ
 190
МОЖЕТЕ
 191
МОЖЕХ
 182,94,199,198,193
МОЖЕШ
 198,44,207,190,187,184,183,16
МОЖЕШЕ
 196,200,198,193,189
МОЗЪК
 198
МОЗЪКА
 182
МОЗЪЦИТЕ
 200
МОЗЪЧНИЯ
 201
МОИТЕ
 198,182,134,33,12
МОЙ
 133,190
МОЙТА
 182,10,140,51,34,22,4
МОЙТЕ
 182
МОЙТО
 182,187
МОКРА
 41
МОКРО
 182,6
МОЛЕКУЛА
 182
МОЛЕНЕ
 49
МОЛЕХ
 190,182
МОЛЕЦОВО
 159
МОЛЕШЕ
 15
МОЛИ
 207,192,182,111
МОЛИВ
 184
МОЛИТВА
 182
МОЛОВЕ
 190
МОЛЯ
 193,182,203,192,131,95,93,91,62,40,36,33,28,1
МОМА
 185,184
МОМАТА
 200
МОМЕНТ
 182,201,33
МОМЕНТА
 200,190,199,191,189,18
МОМЕНТАЛНО
 191
МОМЕНТИ
 197
МОМЕНТНА
 182
МОМЕНТЪТ
 182,11
МОМИЧЕ
 189,191,134,10,193,182,163,133,104,71
МОМИЧЕНЦЕ
 59
МОМИЧЕТО
 184,200,193,189,10
МОМЧЕ
 192,69,201,187,182
МОМЧЕТА
 7
МОМЧЕТО
 192,207,10
МОНА
 9
МОНА-ЛИЗAНА
 9
МОНОГАМНА
 199
МОНОГАМНОСТ
 200
МОНОЛИТЕН
 190
МОНОЛИТНИ
 118
МОНОЛОГ
 100,198
МОНОЛОЖНО
 180
МОНОТОНЕН
 77
МОНУМЕНТ
 188
МОРАЛ
 31
МОРАЛЕН
 187
МОРАЛИ
 112
МОРАЛЪТ
 103
МОРЕ
 206,182,201,200,190
МОРЕТА
 68
МОРЕТО
 205,200,190,182,90,81
МОРНА
 59
МОРСКА
 182
МОРСКИ
 94
МОРФИН
 205
МОСТ
 147
МОСТОВЕ
 107
МОТИВ
 201
МОТИВАЦИЯ
 185
МОТИВИРАНО
 190
МОТОР
 182
МОТОРНО
 183
МОТОРУ
 182
МОТОТО
 187
МОТРИСА
 99
МОШЕНИК
 187
МОЩНИ
 191
МОЩНО
 201
МОЯ
 198,182,144,140,72
МОЯТ
 182,198,197,193,146
МОЯТА
 182,184,59,193,185,37
МРАВКАТА
 63
МРАВКИТЕ
 207
МРАВУНЯК
 63
МРАЗ
 179
МРАЗЕНЕ
 182,109
МРАЗЕНЕТО
 37
МРАЗЕНИ
 146,143
МРАЗЕШЕ
 197
МРАЗЕЩ
 182
МРАЗИ
 25
МРАЗОВИТИ
 95
МРАЗОВИТИЯ
 169
МРАЗЪТ
 27
МРАЗЯ
 185,198,197,41
МРАЗЯТ
 139,43
МРАК
 182,207,141,125
МРАКА
 207,182,84,53
МРАКЪТ
 10
МРАЧНО
 182,142
МРАЧНОТО
 185
МРЕЖА
 198
МРЕЖИ
 198,108,31
МРЕМ
 194
МРЪВКА
 117
МРЪДНАЛА
 200
МРЪЗНА
 183
МРЪСЕН
 183,126
МРЪСНА
 182
МРЪСНАТА
 196
МРЪСНИ
 182,190,185,141,100,44,32
МРЪСНИЦА
 200
МРЪСНИЯТ
 190
МРЪСНО
 41,183,144,139,102,54
МРЪСОТИИ
 185
МРЪСОТИЯТА
 193
МУ
 201,192,200,182,196,187,197,191,111,33,199,194,190,133,6,198,189,153,138,126,59,1
МУЗА
 182,140,130
МУЗИКА
 199,187,201,84,68,53
МУЗИКАЛНИ
 199
МУЗИКАТА
 201
МУЛЕТО
 187
МУМИИ
 191
МУМИЯ
 191
МУСКАТИ
 111
МУСКУЛИ
 200
МУСКУЛИТЕ
 207
МУТИРАЛИ
 143
МУТИРАМ
 185
МУТРИТЕ
 194
МУХА
 183
МУХЛЯСАЛИ
 87
МУХЪЛ
 107
МУШКАТО
 182
МЪГЛА
 182,86
МЪГЛЯВА
 10
МЪГЛЯВО
 110
МЪДРЕЦ
 200
МЪЖ
 189,185,200,199,198,191,184,182
МЪЖА
 190,182,75,22
МЪЖА-МЕЧТА
 75
МЪЖА/ЖЕНА
 190
МЪЖДУКАШЕ
 6
МЪЖЕ
 201
МЪЖЕТЕ
 198,191
МЪЖКА
 185
МЪЖКИ
 199,200,185,147
МЪЖКИЯ
 185
МЪЖЪТ
 207,185,98,24
МЪЖЪТ-БАЩАТА
 98
МЪКА
 81,200,184,170,50
МЪКАТА
 200,201,126,111,90,57
МЪКИТЕ
 53
МЪЛНИЯ
 93
МЪЛЧА
 35
МЪЛЧАНИЕ
 188,99
МЪЛЧАНИЕТО
 187
МЪЛЧЕШЕ
 171
МЪЛЧИ
 17,9
МЪЛЧИШ
 182,3
МЪРДАНЕ
 196
МЪРТВА
 157,207,183,182,138,117,61,38
МЪРТВАТА
 141
МЪРТВИ
 182,156,102,44
МЪРТВИТЕ
 84,155
МЪРТВО
 183,159
МЪРТВО-СЪХРАНЯВАЩА
 159
МЪРТВОТО
 183,127,92,76
МЪРТЪВ
 201,189
МЪРША
 191
МЪСТ
 103
МЪТНО
 183
МЪХЕСТАТА
 182
МЪЧЕНИЕ
 92,52,32
МЪЧЕНИЕТО
 123
МЪЧЕНИЯ
 185
МЪЧИТЕЛЕН
 198
МЪЧИТЕЛНА
 191
МЪЧИТЕЛНО
 57
МЬОБИУС
 8
МЮСЮЛМАНСКИ
 188
МЯЗАХ
 193
МЯСТО
 201,200,193,191,190,182,141,67,6
МЯСТОТО
 201,200
