1
 43,33,206,193,189,182,6
1,27
 193
1.08.2011
 182
10
 182,187,181,38,183,128,95,84,23,9
10-15
 187
10.06.2009
 23
10.06.2011
 9
10.07.2009
 182
10.07.2012
 182
10.09.2008
 183
10.10.2008
 38
10.16.2012
 182
100
 193,159
11
 182,183,188,116,41,40,24,17,14,8,7
11.06.2012
 182
11.07.2009
 14
11.09.2009
 182
11.11.2009
 182
12
 182,185,9,190,183,153,117,101,99,96,94,53,52,39,34,17,16,6
12-50
 190
12.03.2011
 6
12.08.2006
 185
12.08.2008
 99
12.08.2012
 182
12.11.2009
 17
12.11.2011
 182
12.12.2009
 182
12.12.2011
 9
12.19.2009
 182
13
 189,183,182,128
13-ГОДИШНО
 189
13.10.2007
 128
13.11.2008
 183
13.12.2009
 182
1300
 190
14
 182,190,137,134,15
14.05.2009
 190,182
14.05.2011
 182,137,134
14.07.2016
 182
14.09.2009
 15
15
 193,187,182,114,113,52,32,20,8
15.03.2008
 20
15.04.2013
 114,113
15.05.2009
 32
15.05.2011
 182
15.11.2011
 8
15.12.2008
 52
1500
 190
16
 182,139,100,22
16.03.2009
 139
16.04.2015
 182
16.06.2009
 100
16.07.2009
 182
16.09.2009
 22
17
 189,93,39,34,31,12
17-ГОДИШНО
 189
17.05.2009
 31
17.06.2011
 12
17.09.2009
 93
17.12.2008
 39,34
176
 193
18
 182,188,102,95,41
18.02.2009
 182
18.03.2008
 102
18.03.2010
 182
18.10.2007
 95
18.11.2008
 41
18.11.2009
 188
19
 189,184,182,108
19.06.2011
 108
19.07.2009
 189
19.09.2007
 184
1959
 203
