Т
 153,190,184
Т.НАР
 190
ТА
 191,184,193,188,104,93
ТАБЕЛИ
 158
ТАБЕЛИТЕ
 121
ТАБЕЛКА
 21
ТАБУ
 190
ТАВАНИ
 118
ТАЕШЕ
 199
ТАЗ
 167,92,47
ТАЗИ
 200,201,193,189,182,106,32,192,188,187,27,203,199,198,197,191,190,115,72,59,41,37,33,17,9
ТАИШ
 185,79
ТАЙНИТЕ
 201
ТАЙНО
 200
ТАЙНСТВЕНИ
 150
ТАКА
 201,192,191,198,200,199,190,184,111,197,193,188,182,30,27,14,205,203,196,187,183,177,156,155,146,140,139,126,110,103,100,98,93,78,73,43,42,41,36,26,17
ТАКА-А
 198
ТАКАВА
 198,190,189,188,187
ТАКИВА
 190,191,182
ТАКОВА
 194,198,190,191,187
ТАКТ
 201,74
ТАКТИЧНО
 182
ТАКЪВ
 191,194,189,201,198,187,182
ТАЛАЗИ
 148
ТАЛАНТ
 192,191,200,164,140
ТАЛАНТИ
 160,192,185
ТАЛАНТИТЕ
 185
ТАЛАНТЛИВА
 191
ТАЛИГИ
 183,38
ТАЛПА
 201
ТАМ
 201,191,190,187,182,204,200,199,193,171,116,104,83,52
ТАМАН
 201,197,161
ТАМОШНИТЕ
 200
ТАНЦ
 60
ТАНЦУВАЙ
 86
ТАПИИ
 201
ТАРИКАТ
 190
ТАРИКАТИ
 182
ТАСКИТАТА
 185
ТАТЕ
 187
ТАТКОВИНА
 200
ТАТУИРАН
 200
ТАТУИРОВКИ
 200
ТАХИКАРДНИТЕ
 182
ТАЧЕН
 199
ТАЧЕШЕ
 200
ТАЯ
 182,197,190,184,99
ТВОЕ
 198
ТВОЕТО
 182,21,190,184,180,171,156,68,22,5
ТВОИ
 198,182
ТВОИТЕ
 182,207,147,105,90,64,52,37,31,21
ТВОЙ
 155
ТВОЙТА
 47,182,185,34,183,84,4
ТВОЙТО
 182,59
ТВОРБА
 184
ТВОРБАТА
 27
ТВОРБИ
 192
ТВОРБИТЕ
 200,192
ТВОРЕНИЕ
 76
ТВОРЕНИЯТА
 191
ТВОРИ
 191
ТВОРЧЕСКИ
 191
ТВОРЧЕСКИЯТ
 191
ТВОРЧЕСТВО
 1
ТВОЯ
 185,184,182,203,199,198,167,111,104
ТВОЯТ
 207,14
ТВОЯТА
 182,81,30,198,96,59,37,31
ТВЪРДА
 183
ТВЪРДЕ
 185,201,148,79
ТВЪРДЕШЕ
 183,171
ТВЪРДЯ
 187
ТЕ
 182,57,185,190,184,183,107,73,55,191,188,59,198,204,203,192,173,157,105,70,64,62,58,37,18,8,206,201,199,193,176,171,165,163,156,139,133,95,94,93,89,80,77,72,71,68,65,61,56,52,48,42,33,19,16,13,11,200,197,196,187,167,144,142,138,131,124,121,120,119,92,91,88,75,69,67,51,46,44,38,35,24,22,17,6,5
ТЕБ
 182,185,63,59,12,203,174,172,144,67,19,8,207,204,200,191,190,188,184,177,173,161,120,107,100,89,77,70,69,61,48,47,43,33,32,17,15,4
ТЕБЕ
 182,184,188,185,144,47,168,86,67,24,5,204,203,167,156,155,140,138,108,77,70,63,42,38,29,22,18,15
ТЕБЕШИРЕНО
 187
ТЕБЕШИРЕНО-МАСЛЕНИ
 187
ТЕГЛИ
 200
ТЕГЛО
 201
ТЕГЛЯ
 197
ТЕГЛЯТ
 126,107
ТЕЖАТ
 27
ТЕЖЕСТ
 200
ТЕЖЕШЕ
 200
ТЕЖКА
 200,184
ТЕЖКАТА
 201
ТЕЖКО
 93,40
ТЕЖЪК
 165
ТЕЗ
 156,56
ТЕЗАТА
 194
ТЕЗИ
 139,188,207,200,189,187,107,32
ТЕКАТ
 24
ТЕКНАХ
 75
ТЕКСТ
 203,201,190,182,33,1,204,133
ТЕКСТОВЕ
 182
ТЕКСТЪТ
 133
ТЕЛА
 182,201,159,147,33,12
ТЕЛАТА
 196
ТЕЛЕВИЗИОННИТЕ
 187
ТЕЛЕВИЗИЯ
 188
ТЕЛЕВИЗОР
 207,193
ТЕЛЕВИЗОРА
 193
ТЕЛЕСНО
 25
ТЕЛЕФОН
 201
ТЕЛЕФОНА
 201,191
ТЕЛЕФОНИ
 127
ТЕЛОСЪЧЕТАНИЯ
 182
ТЕМА
 198,189
ТЕМАТА
 191,190
ТЕМЕНУЖНА
 182
ТЕН
 185
ТЕНДЕНЦИОЗНО
 191
ТЕНДЕНЦИЯТА
 187
ТЕНИЯ
 182,185
ТЕО
 201
ТЕОВИТЕ
 201
ТЕОРЕТИЧНО
 191
ТЕОРИЯ
 182
ТЕОФАН
 201
ТЕПЪРВА
 175
ТЕРАКОТА
 199,193
ТЕРАПИЯТА
 182
ТЕРВЕЛ
 190
ТЕРМИЧНО
 199
ТЕСЕН
 140
ТЕСНИ
 182
ТЕСНОЛИНЕЙКАТА
 191
ТЕТИВА
 41
ТЕТИВАТА
 53
ТЕХ
 193
ТЕХНИКА
 192
ТЕХНИТЕ
 197,191
ТЕХНИЧНОСТ
 124
ТЕХНИЯ
 188
ТЕХНОЛОГИЧЕН
 137
ТЕХНОЛОГИЧНИ
 187
ТЕХНОПИСЕЦ
 193
ТЕЧЕ
 182,73
ТЕЧЕНИЕ
 200,76
ТЕЧНОСТ
 200,199
ТЕЧОВЕ
 55
ТИ
 182,185,184,198,183,207,191,72,79,70,187,199,190,62,61,60,203,84,57,138,77,66,64,53,52,40,36,33,206,197,194,180,171,163,161,144,117,108,96,92,86,83,65,51,38,34,31,24,3,200,193,188,168,167,166,159,157,140,133,127,109,107,104,94,93,89,88,82,81,75,73,71,56,54,47,44,37,35,27,22,19,10,8,7
ТИ-ПЛЕННИК
 31
ТИГРИЦА
 191
ТИЙНЕЙДЖЪРИ
 190,187
ТИЙНЕЙДЖЪРСКИТЕ
 191
ТИКАШЕ
 193
ТИКВА
 167
ТИКТАКАЩ
 74,70
ТИКТАКАЩО
 74
ТИП
 199,191,190
ТИПАЖ
 31
ТИПИЧНА
 183
ТИРАДА
 198
ТИРАДА-МОНОЛОГ
 198
ТИРБУШОНИ
 52
ТИРОВЕ
 194
ТИТУЛОВАНИЯ
 190
ТИХА
 200,185,159,111,89,88,79,48
ТИХИЧКО
 182,149,33,29,15
ТИХИЯ
 197,184
ТИХО
 91,183,200,184,182,142,138,123,104,102,85
ТИХОТО
 182
ТИЧА
 15
ТИЧАМ
 59
ТИЧАМЕ
 125,67
ТИЧАНЕТО
 193
ТИЧАТ
 184
ТИШИНА
 65,47,34,10
ТИШИНАТА
 184,69,23
ТИЯ
 194
ТКАТА
 190
ТЛАСЪК
 191
ТЛЕЕ
 184
ТЛЕЕМ
 145
ТЛЕЕЩИ
 89
ТЛЕЕЩО
 105
ТЛЕН
 106
ТЛЕНЕН
 130
ТЛЕННА
 185
ТЛЕННИ
 184
ТЛЕННО
 75
ТЛЕННОСТ
 31
ТЛЕЯ
 14
ТЛЯХ
 177
ТО
 182,197,191,190,193,184,131,15,206,201,198,192,183,180,163,133,53,33,28,11
ТО-ОЛКОВА
 198
ТОАЛЕТНА
 192,181
ТОАЛЕТНИ
 190
ТОВА
 190,191,201,182,150,200,198,192,187,197,188,185,196,193,100,207,199,184,39,203,194,183,140,133,125,118,109,103,90,59,43,42,33,31,26,3,1
ТОВАР
 165
ТОГАВА
 198,207,205,189,100,70,28,12,10
ТОГАВАШНАТА
 188
ТОЗ
 128,185,182,146
ТОЗИ
 127,201,33,182,189,188,203,193,192,191,77,40,13,198,197,190,183,148,133,112,111,108,107,99,52,28,17,10,1
ТОЙ
 201,192,183,200,99,196,182,199,193,191,133,111,1
ТОК
 183
ТОКСИЧНА
 184
ТОКУ
 200,182,99,44,32,15
ТОКУ-ТЪЙ
 200
ТОКЧЕ
 191
ТОКЧЕТА
 42
ТОКЧЕТАТА
 42
ТОЛЕРАНС
 190
ТОЛЕРАНТЕН
 188
ТОЛЕРАНТНОСТ
 192,188
ТОЛКО
 192,167
ТОЛКОВА
 198,192,191,101,44,201,190,182,156,155,93,78,24,3,207,205,197,188,187,185,184,183,160,98,58,42,20,13
ТОЛКОЗ
 184,182,95,78,201,185,156,133,121,100,93,84,62,53
ТОМА
 1
ТОМИ
 197
ТОН
 198,41,184,192,36
ТОНА
 198
ТОНЕВ
 6
ТОНОВЕ
 187
ТОПКА
 182
ТОПЛИ
 191,182,59
ТОПЛИНА
 47,182
ТОПЛИНАТА
 182
ТОПЛИТЕ
 197
ТОПЛИЧКО
 182
ТОПЛИЯТ
 102
ТОПЛО
 182,102,6
ТОПЛОМЕРИ
 187
ТОПЛОТО
 141,14
ТОПОР
 184
ТОПЧЕТАТА
 200
ТОПЪЛ
 200,91
ТОПЯХА
 149
ТОР
 192
ТОРБАТА
 165
ТОРМОЗИ
 201
ТОРНАДО
 86
ТОРС
 201
ТОСТ
 154
ТОСТОВЕ
 64
ТОТАЛНО
 187,201,193,190,182
ТОТЕМ
 182
ТОТО
 193
ТОТО-ТО
 193
ТОТОТО
 188
ТОЧЕН
 146,30
ТОЧКА
 190,194,132,13
ТОЧКИ
 26
ТОЧНИ
 121
ТОЧНО
 182,201,191,17,13,199,187,185,184,130,79
ТОЧНОСТ
 191,176
ТОЯ
 193,140,194,182,104,36
ТРАВЕСТИТ
 199
ТРАГЕДИЯ
 189
ТРАГЕДИЯТА
 189
ТРАДИЦИИ
 58
ТРАЕ
 191,182
ТРАЕМ
 187
ТРАЙНОСТ
 121
ТРАКТ
 199
ТРАМВАЯ
 99
ТРАНС
 147
ТРАНСПОРТ
 194
ТРАФИК
 182
ТРАХЕЯТА
 184
ТРЕБЕ
 185,167
ТРЕВА
 201
ТРЕВИТЕ
 102
ТРЕВОЖЕШЕ
 196
ТРЕГЕРНИ
 185
ТРЕЗВЕН
 184
ТРЕНДАФИЛ
 199
ТРЕНДАФИЛЪТ
 199
ТРЕНИНГ
 200
ТРЕПВАШЕ
 99
ТРЕПЕ
 189
ТРЕПЕРЕЩА
 185,79
ТРЕПЕРИ
 160
ТРЕПЕТА
 167,98
ТРЕПЕТИТЕ
 56
ТРЕПКА
 182
ТРЕПТЕНЕТО
 159
ТРЕСКАВО
 15
ТРЕТА
 199,197,189
ТРЕТИ
 190
ТРЕТИРАШ
 31
ТРЕТО
 198,182
ТРЕТОТО
 83
ТРИ
 197,201,182,83,177,78,33,7
ТРИВИАЛНИТЕ
 183
ТРИДЕСЕТГОДИШЕН
 189
ТРИЕНЕ
 103
ТРИЖДИ
 201
ТРИЙСЕТ
 193
ТРИКОЛЬОР
 188
ТРИМА
 191,190
ТРИО
 193
ТРИТЕ
 201,197
ТРИУМФАЛНО
 163
ТРИФОН
 200
ТРИЪГЪЛНИК
 151
ТРОВЕНИ
 68
ТРОВИ
 201
ТРОГНАТА
 191
ТРОЙКА
 194
ТРОЛЕЙ
 193
ТРОМПЕТИТЕ
 160
ТРОН
 103,50
ТРОНА
 182
ТРОПВАНЕ
 191
ТРОТОАР
 193,191
ТРОТОАРИ
 190
ТРОТОАРИТЕ
 187
ТРОТОАРНА
 193
ТРОХА
 183,63
ТРОХИ
 47
ТРОХИТЕ
 160
ТРОША
 197
ТРОШИШ
 180
ТРОЯНСКИТЕ
 160
ТРУД
 201,193,189
ТРУДА
 192
ТРУДЕН
 117
ТРУДНО
 198,187,183,148
ТРУДНО-ПОСТИЖИМАТА
 148
ТРУП
 196,201,117,115,45
ТРУПА
 54
ТРУПАХМЕ
 54
ТРУПИ
 74
ТРУПОВЕ
 191,143
ТРЪБА
 72
ТРЪБЯТ
 160
ТРЪГВАМ
 184,22
ТРЪГВАМЕ
 145
ТРЪГВАТ
 184,152,85
ТРЪГВАШ
 185,30,23
ТРЪГВАЩИ
 144
ТРЪГНÁ
 182
ТРЪГНА
 157,30,26
ТРЪГНАЛ
 205,201
ТРЪГНАЛА
 201,191
ТРЪГНАХА
 201
ТРЪГНЕ
 200
ТРЪГНЕШ
 203
ТРЪПКИ
 182
ТРЪПНЕ
 185
ТРЯБВА
 190,191,194,188,187,182,203,198,193,31
ТРЯБВАЛО
 198
ТРЯБВАТ
 107
ТРЯБВАШЕ
 197,198,207,200,199,196,193,190,158,137
ТУ
 43,196,29
ТУЙ
 200,182,133
ТУК
 193,194,191,1,190,182,138,96,84,19,8
ТУКА
 35,200,93
ТУЛОВИЩЕ
 201
ТУМОР
 118
ТУПАК
 191
ТУПКА
 182,163
ТУПКАНЕ
 183
ТУПКАЩА
 131
ТУПКАЩИ
 74
ТУПТИ
 5
ТУПТЯТ
 156
ТУРИ
 198,193
ТУРИЗЪМ
 190
ТУРИСТИЧЕСКА
 190
ТУРИШ
 182
ТУРСКАТА
 190
ТУРСКИ
 188,194,190
ТУРСКИТЕ
 190
ТУРСКО
 190,187
ТУРСКО-ЦИГАНСКО-ГЪРКО-СРЪБСКИ
 187
ТУРСКОТО
 188
ТУРЦИ
 190,188
ТУРЦИЙО
 188
ТУРЦИЯ
 188
ТУРЧИНА
 193
ТУРЧИНЪТ
 193,190
ТЩЕСЛАВИЕ
 192
ТЪГА
 183,69,191,169,159,150,143,92,91
ТЪГАТА
 84,29,6
ТЪГОВНА
 191
ТЪГУВАМ
 182
ТЪЖЕН
 182,199,198,188,183
ТЪЖЕСВИРНО
 53
ТЪЖНА
 201,182
ТЪЖНИ
 13
ТЪЖНО
 182,198,192,184,164,90
ТЪЖНОТО
 189
ТЪЖНХИ
 201
ТЪЙ
 182,200,207,201,192,191,185,172,138,80,72,65,62,54,36,15,10,1
ТЪКАН
 18
ТЪЛКУВАНИЕ
 33
ТЪЛПА
 72
ТЪЛПАТА
 201,99
ТЪМАТА
 6
ТЪМЕН
 182
ТЪМНА
 182,205,70
ТЪМНАТА
 182
ТЪМНИ
 182,200,169
ТЪМНИНАТА
 182
ТЪМНИЦИ
 150
ТЪМНО
 168
ТЪМНОТО
 46
ТЪНЕ
 92
ТЪНКА
 197,117
ТЪНКИЯТ
 81
ТЪНКОТО
 141
ТЪП
 198,77
ТЪПА
 198,197,182
ТЪПАНЧЕТО
 198
ТЪПАТА
 193
ТЪПИ
 190
ТЪПКАН
 63
ТЪПКАЧА
 193
ТЪПО
 201
ТЪПОЪГЪЛНИК
 183
ТЪПЧЕ
 191,106
ТЪПЧЕШ
 185
ТЪРКАЛЯ
 80
ТЪРКАЛЯЩА
 182
ТЪРКАМЕ
 103
ТЪРКАНЕ
 44
ТЪРКАШ
 182
ТЪРКУЛВАМ
 74
ТЪРПЕЛИВО
 196
ТЪРПЕНИЕТО
 183
ТЪРПИМОТО
 198
ТЪРСАЧКА
 104
ТЪРСЕЙКИ
 190
ТЪРСЕН
 163
ТЪРСЕНАТА
 30
ТЪРСЕНЕ
 182,204,193,190,184,183,155,141,103,83,16
ТЪРСЕХ
 146
ТЪРСЕХА
 201,192
ТЪРСЕШЕ
 192,183,182,102,52,26
ТЪРСЕЩИЯТ
 185
ТЪРСИ
 193,191,184,148,112,25,10,5
ТЪРСИМ
 183,125,112,106,38
ТЪРСИМЕ
 183,182,101
ТЪРСИХ
 173,157
ТЪРСИШ
 182,46,198,185,183,72,70,10
ТЪРСЯ
 204,193,183,182,177,120,18
ТЪРСЯТ
 139,107,43
ТЪРЧИМ
 185
ТЪРШУВАНЕ
 183
ТЪСТОВЕ
 185
ТЪТЕН
 84
ТЪТНЕ
 142
ТЪЧЕ
 92
ТЯ
 201,198,191,200,199,197,192,185,182,26,25,23,205,187,109,87,84,76,53,12,6
ТЯЛО
 201,185,182,58,52,22
ТЯЛОТО
 196,182,103,74,22,12
ТЯМ
 137
ТЯСНО
 182
ТЯХ
 190,201,196,191,156,200,199,198,188,184,107,90,85,70
ТЯХНАТА
 201
ТЯХНОТО
 198
Т’ВА
 184
