0
 57,153,117
0.00
 57
00
 57
01
 182,185,177,133,36,21,11
01.10.2011
 182
01.12.2006
 185
02
 182,183,185,208,35,27,3
02.06.2016
 208
02.08.2009
 35
03
 182,183,139,138,106,102,37,20,6
03.03.2008
 183
03.05.2016
 182
03.11.2015
 182
04
 182,103,183,114,113,33,4
04.04.2008
 103
04.12.2008
 183
05
 182,183,146,144,190,137,134,127,50,32,31,30,18
05.05.2008
 183,146,144
05.10.2011
 182
06
 182,143,208,185,183,131,108,100,32,27,23,12,9
06.02.2009
 27
06.05.2012
 182
06.06.2008
 143
06.11.2012
 182
06:30
 32
07
 182,185,183,44,189,136,135,30,29,26,25,18,14,6
07.02.2006
 185
07.05.2009
 30
07.05.2010
 18
07.07.2008
 183,44
07.27.2009
 29
08
 183,182,43,100,42,28,187,185,132,99,35,11
08.01.2011
 11
08.08.08
 43
08.08.2008
 183,182,100,42
08.10.2011
 187
09
 183,182,184,94,93,87,22,21,15
09.01.2010
 21
09.03.2009
 182
09.09.2008
 183
09.12.2012
 94
0БИЧ
 57
