2
 33,182,43,132,193,206,192,189,133,6
2,15
 193
2,56
 193
2-3
 192
2.12.2009
 182
2.12.2011
 182
2.18.2009
 182
20
 182,201,181,33
20.04.2009
 33
20.04.2015
 182
200
 193,191
2000
 178,190
2000-2006
 178
2006
 185,178,145,116
2007
 184,185,206,162,128,96,95,87,84,53,50
2008
 183,182,146,144,143,130,103,102,101,100,99,52,44,42,41,40,39,38,34,20
2009
 182,190,189,188,139,138,127,106,100,93,37,36,35,33,32,31,30,29,27,26,25,24,23,22,17,16,15,14
2009-4.04.2011
 182
2010
 182,107,21,18
2011
 182,9,203,187,137,136,134,132,108,13,12,11,10,8,7,6,5
2012
 182,135,133,131,94,4
2013
 182,177,114,113
2014
 182,6,3
2015
 182
2016
 182,208,1
2016ТА
 1
21
 182,123,4
21.02.2009
 182
21.04.2012
 182,4
21.12.2012
 182
21ST
 191
22
 182,193,187,117
22.06.2009
 182
22.07.2009
 182
22.12.2009
 182
23
 127
23.05.2009
 127
25
 182,185,177,96,36
25.01.2009
 36
25.01.2013
 182,177
25.06.2006
 185
25.12.2007
 96
26
 182,132,87,53,3
26.02.2014
 3
26.05.2013
 182
26.08.2011
 132
26.09.2007
 87
26.12.2007
 53
27
 183,182,193,184,106,29,25,7
27.02.2008
 183
27.03.2009
 106
27.07.2009
 182,25
27.09.2007
 184
27.09.2009
 182
27.11.2011
 7
28
 182,116,40,26,24
28.05.2009
 182
28.07.2009
 26
28.07.2012
 182
28.10.2009
 182
28.11.2006
 116
28.11.2008
 40
28.11.2009
 24
29
 182,193,136,16
29.07.2011
 182,136
29.12.2009
 16
