Е
 182,191,190,198,187,188,183,189,184,193,197,185,192,201,207,200,194,33,170,1,206,92,199,47,11,158,133,119,103,19,172,163,141,140,131,128,118,112,109,106,104,76,74,56,53,37,36,32,30,25,22,14,12,204,203,180,168,161,160,157,156,155,147,139,132,127,125,121,101,99,87,84,81,59,41,40,35,27,13,10,9,177,167,159,153,142,137,135,123,111,108,98,95,94,93,91,90,85,78,70,66,62,58,55,51,43,42,39,28,26,23,20,17,16,15,8,6,5
Е́
 182
ЕВЕНТУАЛНИЯТ
 190
ЕВИ
 183
ЕВРЕИ
 188
ЕВРИДИКА
 84
ЕВРО
 200,193,190,187
ЕВРОПА
 190,188
ЕВРОПЕЕЦ
 187
ЕВРОПЕЙСКАТА
 188
ЕВРОПЕЙСКИЯ
 193
ЕВРОФУТБОЛ
 193
ЕВРОФУТБОЛА
 193
ЕВТИНА
 99
ЕВТИНИ
 191,190
ЕВТИНО
 111
ЕВЪРГРИЙНА
 190
ЕГО
 144,33,191,182,117,56
ЕГОИЗМА
 182
ЕГОИЗМЪТ
 200
ЕГОТО
 191,182
ЕДВА
 198,193,190,182,69,138,57,18
ЕДЕМ
 203
ЕДИН
 191,193,199,201,200,192,194,190,183,182,197,189,99,65,54,33,203,198,196,184,147,82,59
ЕДИН-ЕДИНСТВЕН
 82
ЕДИНАДЕСЕТ
 190
ЕДИНИЦА
 182
ЕДИНИЦИ
 188,182
ЕДИНИЧНИ
 191
ЕДИНИЯ
 189
ЕДИНИЯТ
 193,182
ЕДИНСТВЕН
 183,165,82
ЕДИНСТВЕНАТА
 201,82
ЕДИНСТВЕНИТЕ
 187
ЕДИНСТВЕНИЯ
 200
ЕДИНСТВЕНО
 190,201,189,185
ЕДИНСТВО
 182
ЕДИПОВИ
 182
ЕДНА
 193,187,191,190,147,63,200,197,146,98,192,144,69,201,199,194,189,184,183,141,94,92,33,32,23
ЕДНА-ДВЕ
 200
ЕДНАКВИ
 168
ЕДНАТА
 189,182
ЕДНИ
 200,192,190
ЕДНО
 190,201,182,191,199,192,198,189,188,187,183,140,104,101,59,26,25,10
ЕДНОКРАТНА
 184
ЕДНОКРАТНОСТ
 182
ЕДНОЛИЧНИТЕ
 182
ЕДНОЛИЧНО
 182
ЕДНОТО
 182,83
ЕДРИ
 191
ЕДРО
 33
ЕДРОГЪРДЕСТАТА
 201
ЕДРОГЪРДЕСТО
 201
ЕДРОКАЛИБРЕНА
 201
ЕДРОМАЩАБНОСТ
 200
ЕЖЕДНЕВИЕ
 191,142
ЕЖЕДНЕВИЕТО
 192,184
ЕЖЕДНЕВКА
 111
ЕЖЕДНЕВНИ
 191
ЕЖЕДНЕВНИК
 192
ЕЖЕДНЕВНИЯТ
 190
ЕЖЕДНЕВНО
 192,190,80,55
ЕЖЕДНЕВНОТО
 191
ЕЖЕМЕСЕЧНО
 190
ЕЖЕЩО
 47
ЕЗЕРОТО
 193
ЕЗИК
 188,203,193,192,190
ЕЗИКА
 182
ЕЙ
 197,185,111,72
ЕКВИЛИБРИСТИКА
 182
ЕКЛИПСА
 17
ЕКО
 191
ЕКО-СИРЕНЕ
 191
ЕКОСРЕДА
 193
ЕКОТ
 204
ЕКОТИ
 204
ЕКОТЪТ
 144
ЕКРАН
 207,59
ЕКРАНА
 184
ЕКРАНИТЕ
 124
ЕКСКРЕМЕНТАЛНИ
 192
ЕКСПЕРИМЕНТ
 192
ЕКСПЕРТНИ
 189
ЕКСПЛОАТАЦИЯ
 199
ЕКСПЛОЗИЯ
 65
ЕКСПОНАТ
 191
ЕКСТАЗ
 201,191,147
ЕКСТРА
 197
ЕКСХИБИЦИНИЗЪМ
 149
ЕКСХИБИЦИОНИСТКИ
 190
ЕКСЦЕНТРИЧЕН
 188
ЕКСЦЕНТРИЧНИЯТ
 188
ЕЛА
 182,28
ЕЛАМИ
 151
ЕЛАСТИЧЕН
 59
ЕЛАТЕ
 184
ЕЛВИРА
 199
ЕЛВИРИ
 199
ЕЛЕКТРИЧЕСТВО
 58
ЕЛЕМЕНТ
 191,190
ЕЛЕМЕНТАРНА
 200
ЕЛЕМЕНТАРНИ
 190
ЕЛЕМЕНТАРНО
 190
ЕЛЕМЕНТИ
 33
ЕЛИКСИР
 182
ЕЛИТ
 187
ЕЛИТЕН
 193,190
ЕЛИЦА
 84
ЕЛХА
 179,34
ЕМБЛЕМАТА
 160
ЕМБРИОНИ
 102
ЕМИ
 200
ЕМОЦИИ
 183,200,107
ЕМОЦИОНАЛНО
 201
ЕМОЦИЯ
 133,30,3
ЕНЕРГЕТИКАТА
 190
ЕНЕРГИЧЕН
 200
ЕНЕРГИЯ
 193
ЕНИЧАРИН
 188
ЕПИЛИРАНИ
 200
ЕПИТАФ
 117
ЕПИТАФИИТЕ
 189
ЕПИТАФИЯ
 188,185
ЕПОХА
 124
ЕПРУВЕТКИ
 156,158
ЕРГЕННО
 134
ЕРГЕНСКИ
 131
ЕРГЕНСТВО
 24
ЕРЕКЦИИ
 199
ЕРЕКЦИЯ
 192,87
ЕРЕС
 183
ЕРОС
 201
ЕСЕ
 191
ЕСЕН
 184,169,161,116,86,85,74
ЕСЕННА
 169,85
ЕСЕННИ
 169
ЕСЕННО
 116,184,159,110,55
ЕСЕННО-ОВОЩНО
 110
ЕСЕННО-ПЕЙЗАЖНА
 116
ЕСЕНТА
 73
ЕСЕТА
 186
ЕСНАФА
 182
ЕСНАФСКА
 191
ЕСНАФСКИ
 160
ЕСНАФСКО
 191
ЕСТЕСТВЕНА
 100,68
ЕСТЕСТВЕНО
 199,200,192,201,197,193,182,58,55,53
ЕСТЕТ
 196
ЕСТЕТА
 186
ЕСТЕТИКА
 200,166
ЕСТЕТИЧНА
 172
ЕТЕСАТА
 151
ЕТИКА
 31
ЕТИКЕТ
 190,182
ЕТИКЕТИ
 156
ЕТИКЕТИТЕ
 156
ЕТНИЧЕСКИ
 188
ЕТО
 33
ЕУФОРИЯ
 182
ЕФЕКТ
 197
ЕФЕКТНО
 194
ЕФЕМЕРНИ
 43
ЕФИМЕРНО
 10
ЕХ
 184,182
ЕХО
 182
ЕШАФОДА
 84
ЕЯКУЛАТИВНА
 182
ЕЯКУЛАТИВНОСТ
 182
ЕЯКУЛИРАЛ
 200
