ЩАМПА
 182
ЩАНГИСТ
 192
ЩАСТИЕ
 200,185,139
ЩАСТИЕТО
 200,122,92
ЩАСТЛИВ
 200,189,182,80
ЩАСТЛИВА
 198,184,182,36
ЩАСТЛИВИ
 197,184,101
ЩАСТЛИВО
 199,123,107
ЩЕ
 182,185,187,64,191,111,203,141,165,125,184,192,190,89,22,98,87,77,207,206,199,188,140,104,59,48,36,33,200,198,197,196,193,183,179,163,154,90,72,71,53,1,204,201,176,166,145,142,136,133,131,126,120,109,107,96,81,79,76,42,40,39,30,17,7,3
ЩЕДРА
 193
ЩЕДРО
 191,190,185
ЩЕМ
 125
ЩЕНИЯ
 182,201
ЩЕПСЕЛ
 183
ЩЕРКА
 183
ЩЕТИ
 191
ЩЕШ
 200,198
ЩЕШЕ
 198,191
ЩИК
 59
ЩИПКА
 107
ЩИТОВЕ
 183
ЩО
 201
ЩО-ГОДЕ
 201
ЩОМ
 182,198,191,203,190,185,12
ЩОТО
 201,200,193,72
ЩРАКАЩО
 117
ЩРИХА
 182
ЩРИХИ
 37
ЩУРЧОВ
 56
ЩЪРКЕЛ
 182,146
ЩЪРКЕЛИТЕ
 102
ЩЪРКЕЛОВО
 135
ЩЪРКЕЛОВО-ЧОВЧЕНО
 135
ЩЯЛО
 188
ЩЯХ
 198,197,193
ЩЯХА
 196
ЩЯХМЕ
 197
