Д
 6
ДА
 182,190,201,191,185,192,198,193,200,187,184,199,197,188,183,189,196,203,24,22,149,103,42,64,145,51,18,204,194,158,40,32,207,94,93,72,52,43,27,148,146,137,136,118,106,100,59,57,48,44,39,12,3,177,156,155,144,126,125,112,101,98,87,67,65,56,53,46,38,17,15,14,1,205,180,167,154,153,143,141,140,139,135,134,133,122,120,107,105,84,71,54,45,29,28,26,11,8,175,173,171,166,159,157,151,132,121,117,115,111,109,104,102,99,91,90,89,88,81,80,79,74,70,69,66,63,62,61,60,55,41,37,34,33,31,23,20,19,16,7
ДАААА
 198
ДАВА
 192,187,183,111,94
ДАВАМ
 182
ДАВАМЕ
 101
ДАВАНЕ
 21
ДАВАТ
 132
ДАВАШ
 185,95
ДАВАШЕ
 201,111
ДАВЕЩА
 176
ДАВИ
 182,76,52
ДАВИМ
 62
ДАВИШ
 183,182
ДАВЯ
 185,146
ДАВЯТ
 160,141,139
ДАДАТ
 125
ДАДЕ
 198
ДАДЕНОСТ
 183
ДАДОХ
 182
ДАЖБИ
 191
ДАЖЕ
 182,7,203,184,165,157,143,137,132,118,87,84,80,71,53,40,28,12
ДАЙ
 197,104,100
ДАЛ
 200
ДАЛАВЕРА
 187
ДАЛАВЕРАТА
 187
ДАЛАВЕРИ
 190
ДАЛЕЧ
 198,194,201,200,199,189,71
ДАЛЕЧЕ
 59,55
ДАЛЕЧЕН
 185,91
ДАЛЕЧНА
 200
ДАЛЕЧНИ
 204,198
ДАЛИ
 190,184,125,189,182,198,191,145,78,22,205,204,201,188,168,101,81,70,57,26,24,19
ДАЛНОВИДНО
 201
ДАМ
 205,197,182,153
ДАМА
 191
ДАМГА
 167
ДАМИ
 191,190
ДАМИТЕ
 201
ДАННИ
 190
ДАНО
 190,135
ДАНЪК
 160
ДАНЪКОПЛАТЕЦ
 190
ДАНЪКОПЛАТЦИ
 190
ДАНЪЦИ
 187
ДАРА
 106
ДАРБА
 200
ДАРБАТА
 140
ДАРЯВАТ
 191
ДАТА
 188
ДАТАТА
 33
ДАЧИЯ
 187
ДВА
 198,59,33,190,189,73
ДВАЖ
 201,197
ДВАЙСЕТ
 167
ДВАЙСЕТ-НУЛА-СЕДЕМ
 167
ДВАМА
 190,141,193,182,132,35,33,30,17,8,4
ДВАМАТА
 200,201,199,24,182
ДВАМИНА
 104
ДВАМИНАТА
 201
ДВАТА
 201,200,191,99
ДВЕ
 182,11,92,200,198,197,193,190,187,184,183,177,147,126,33,13,7
ДВЕ-ТРИ
 177
ДВЕСТАГОДИШНО
 190
ДВЕТЕ
 199,70,65
ДВИЖЕНИЕ
 191,190
ДВИЖЕНИЕТО
 193
ДВИЖЕНИЯ
 134
ДВИЖЕЩИ
 184
ДВОИЧНИ
 58
ДВОЙНА
 182
ДВОЙНО
 201,191
ДВОР
 188,184
ДВУПОЛЮСЕН
 11,182
ДВУПОСОЧНО
 182,11
ДВУСТРАННО
 78
ДВУЦИФРЕНО
 192
ДЕ
 191
ДЕБАЛАНСИРА
 201
ДЕБАЛАНСИРАШЕ
 201
ДЕБАТ
 190
ДЕБЕЛАТА
 197,191
ДЕБЕЛО
 201
ДЕБЕЛОБУЗЕСТА
 201
ДЕБЕЛОБУЗЕСТАТА
 201
ДЕБЕЛОКОЖИЕТО
 198
ДЕБНЕ
 182,104
ДЕБНЕЩИ
 141
ДЕБРИТЕ
 201
ДЕВИ
 183
ДЕВИ-ЕВИ
 183
ДЕВИЧЕ
 200
ДЕВОЙКАТА
 182
ДЕВОЙЧЕ
 201
ДЕВСТВЕН
 197
ДЕВСТВЕНА
 191
ДЕГРАДАЦИЯ
 201
ДЕГРАДИРАМ
 184
ДЕДАЛ
 87
ДЕЖУРНО
 182
ДЕЙНОСТИ
 206,201
ДЕЙСТВА
 198
ДЕЙСТВАШ
 185
ДЕЙСТВИЕ
 198
ДЕЙСТВИТЕЛНИ
 199,192,191
ДЕЙСТВИТЕЛНО
 190,184
ДЕЙСТВИТЕЛНОСТ
 201,197,189,182,176,158,96
ДЕЙСТВИЯ
 200
ДЕКА
 182
ДЕКАРА
 190
ДЕКОЛТЕТА
 199
ДЕКОЛТЕТО
 201,199,167
ДЕКОРАТИВЕН
 162
ДЕЛА
 182,146,112
ДЕЛЕНЕ
 130
ДЕЛЕНИЕТО
 123
ДЕЛИ
 19
ДЕЛИКАТЕН
 191
ДЕЛИКАТЕС
 196
ДЕЛИКАТЕСИ
 200
ДЕЛО
 193
ДЕМЕК
 192,33
ДЕМОКРАТИЧНА
 190
ДЕМОН
 185,10
ДЕМОНА
 182
ДЕМОНИ
 182
ДЕМОНСТРАЦИИ
 190
ДЕМОНСТРИРА
 189,188
ДЕН
 192,193,182,29,201,199,203,200,198,127,33,204,196,191,190,188,185,169,80,52,38,1
ДЕН-ДВА
 33
ДЕНА
 201,197
ДЕНЯТ
 183,203,80,64
ДЕПРЕСИРА
 201
ДЕПРЕСИРАХТЕ
 184
ДЕПРЕСИЯ
 200,191,185,183,182,59
ДЕПУТАТСКИЯ
 190
ДЕРАЙЛИРА
 191
ДЕРАЙЛИРАЛИ
 191
ДЕРЕ
 190,187
ДЕРЗАЕШЕ
 15
ДЕСЕН
 182
ДЕСЕТ
 199
ДЕСЕТИЛЕТИЯ
 187
ДЕСЕТКИ
 52
ДЕТ
 197,182
ДЕТ-МЕТЪЛ
 197
ДЕТАЙЛИ
 199
ДЕТАЙЛИТЕ
 199
ДЕТЕ
 187,182,185,170
ДЕТЕКТОР
 190
ДЕТЕТО
 185,190,183,170,119,111,38
ДЕТЕТО-БОГ
 119
ДЕТИНСТВО
 148,103
ДЕТИНЩИНА
 78
ДЕТО
 185,182
ДЕТСТВОТО
 187,185,159,98
ДЕФЕКТ
 144
ДЕФЕКТИ
 183
ДЕФЕКТНА
 182
ДЕФИНИЦИИ
 190
ДЕФИНИЦИЯ
 191
ДЕФИЦИТ
 182,40,11
ДЕФИЦИТНО
 183
ДЕЦА
 190,193,207,197,117
ДЕЦАТА
 207,187,183,123,38
ДЕЧИЦАТА
 185
ДЖАЗ
 199
ДЖАЗМЕНА
 199
ДЖАЗМЕНИТЕ
 199
ДЖАМИЯТА
 188
ДЖИН
 184
ДЖИНА
 184
ДЖИП
 193,190
ДЖОБА
 201
ДЖОБЕНЕ
 190
ДЖОБИ
 187
ДЖОЙНТ
 190
ДЖОЙНТИ
 201
ДЖУНИЪР
 200
ДЗЕН
 191,109
ДЗЕН-ПОГОВОРКА
 109
ДИАГНОЗА
 185
ДИАГНОЗПОВЕД
 118
ДИАГНОСТИКА
 199
ДИВА
 184,148,147
ДИВЕЧ
 190
ДИВИТЕ
 59
ДИВНА
 30
ДИВОТАТА
 109
ДИГНА
 167
ДИЗАЙН
 1
ДИЛЪРИТЕ
 190
ДИМ
 89
ДИМИТЪР
 104
ДИМИШ
 117
ДИМЯТ
 117
ДИНИ
 182
ДИПЛЕНИ
 185
ДИПЛИШ
 53
ДИРЕКТНО
 190
ДИРЕШЕ
 201
ДИРЕЩИ
 147
ДИРИ
 185,184,85
ДИРИГЕНТ
 191
ДИРИТЕ
 183,38
ДИРИХ
 173
ДИРНИК
 167
ДИРЯ
 23,173,167,69,6
ДИРЯТ
 174,72
ДИСЕКТНО
 110
ДИСЕКЦИЯ
 68
ДИСК
 182
ДИСКОРДНО
 62
ДИСКРЕТНОТО
 9
ДИХАНИЕ
 10
ДИХАНИЯ
 191
ДИШАНЕТО
 40
ДИШАШ
 185,183
ДЛАН
 163
ДЛАНИ
 184,118
ДЛЪЖЕН
 198
ДНЕС
 184,207,197,191,177,133
ДНЕСКА
 159,184,6
ДНЕШНИТЕ
 185
ДНИ
 193,191,192,190,189,182,164,107,76
ДНИТЕ
 201,170,75
ДО
 182,193,190,184,187,191,185,199,192,201,84,65,47,37,203,200,198,183,177,172,160,144,143,140,137,128,110,107,101,98,91,90,87,76,61,60,58,54,33,31,27,16,5
ДОБАВИЛ
 198,182
ДОБАВКА
 200
ДОБАВЯ
 198
ДОБАВЯМ
 198
ДОБИЛО
 192
ДОБИХА
 200
ДОБРА
 191,182
ДОБРАТА
 12
ДОБРЕ
 201,198,190,184,59,193,191,182,156,200,199,196,192
ДОБРИ
 191,200,192
ДОБРИТЕ
 201,192
ДОБРИЯ
 196
ДОБРИЯТ
 196,199,192
ДОБРО
 159,201,200,182,33
ДОБРОСЪSEXКИ
 197
ДОБРОТАТА
 201
ДОБРОТО
 184,182,192,191,11
ДОБРУВАНЕ
 182
ДОБЪР
 196,184,201,147,104,33
ДОВЕДЕ
 200,191,187
ДОВЕЛИ
 199
ДОВЕРИЕ
 182
ДОВИЖДАНЕ
 184,203,165,142
ДОВОЛЕН
 191,130
ДОВОЛНО
 200
ДОВЧЕРА
 6
ДОВЪРШВАМ
 185,79
ДОГ
 181
ДОГАН
 193,188
ДОГАРЯТ
 89
ДОГАРЯЩИ
 184
ДОГОВОР
 201
ДОГОВОРЕНО
 184
ДОГОНИХ
 157
ДОЗА
 191,185,182,147
ДОИЗЖИВЯВАНЕ
 182
ДОЙДА
 64
ДОЙДЕ
 52,201,207,193,190,144,42,9
ДОЙДЕШ
 56,7
ДОКАЖЕ
 192
ДОКАЗАЛ
 189
ДОКАЗАНИ
 143
ДОКАЗАНО
 193,191
ДОКАЗВА
 192
ДОКАТ
 207
ДОКАТО
 182,200,183,196,191,146,199,190,184,205,203,201,193,192,187,180,159,133,78,70,60,39,38,33,26,16,15,14,5
ДОКОГА
 187,131
ДОКОЛКО
 187
ДОКОЛКОТО
 193,205,191,190
ДОКОСВА
 5
ДОКОСВАЙ
 122
ДОКОСНАХ
 73
ДОКЪДЕТО
 184
ДОЛЕ
 182
ДОЛИНА
 205
ДОЛИТА
 204
ДОЛНА
 193
ДОЛНАТА
 190,185
ДОЛНИ
 200
ДОЛУ
 200,199
ДОМ
 194,190,146
ДОМАШНАТА
 15
ДОМАШНИЯ
 200
ДОМЪТ
 201
ДОН
 201,131
ДОН-ЖУАН
 201
ДОНАСЯ
 174
ДОНЕСЕ
 190,105,102
ДОНЕСЕН
 146
ДОНЕСЕНА
 182
ДОНЕСЛИ
 111
ДООГРАБЕНИ
 55
ДОПИР
 203,6
ДОПИРИ
 9
ДОПИРЪТ
 182,11
ДОПЛАВА
 205
ДОПУСНАТ
 190
ДОПУСНЕ
 196
ДОПУСТИМО
 190
ДОПЪЛНИТЕЛНО
 190,188
ДОРАСНА
 185,79
ДОРИ
 185,191,190,182,201,192,188,207,205,203,197,194,189,184,177,138,133,131,104,62,58,47,42,17
ДОСАДЯВАЩИ
 199
ДОСЕГА
 104,205,203,200
ДОСЕГАШНИТЕ
 201
ДОСЕТИТЕ
 200
ДОСИЕТАТА
 190
ДОСТА
 201,193,191,125
ДОСТАТЪЧНА
 192,191
ДОСТАТЪЧНО
 201,146,192,198,188,101,26
ДОСТИГАЩА
 190
ДОСТИГАЩИ
 190
ДОСТИГНА
 201
ДОСТИГНАТ
 187
ДОСТИГНЕ
 105
ДОСТОЙНО
 192
ДОСТОЙНСТВО
 191,15
ДОСТОЛЕПА
 167
ДОСТОЛЕПНИ
 193
ДОСТОЯНИЕ
 198
ДОСТЪП
 192,31
ДОСУЩ
 188,182,138
ДОСУЩО
 141
ДОТАМ
 201,200,199,106
ДОТОЛКОЗ
 137
ДОТУК
 207
ДОТЪТРИХ
 138
ДОУТОЧНЯТ
 199
ДОЧАКА
 115
ДОЧАКВА
 191
ДОЧУХ
 73
ДОШЕЛ
 182
ДОШЛА
 156
ДОШЛО
 201
ДОШЪЛ
 190,197
ДРАГО
 201
ДРАЗГИ
 200
ДРАЗНЕНИЕ
 200
ДРАЗНЕШЕ
 196
ДРАЗНЕЩИ
 188
ДРАМА
 198,138,117,35
ДРАМИ
 200,134
ДРАНЕ
 64
ДРАСКОТИНКА
 185
ДРАЩИ
 24
ДРЕВНА
 193
ДРЕМЕ
 201,182
ДРЕСИРАХТЕ
 184
ДРЕСИРАШЕ
 185
ДРЕХИ
 191
ДРЕХИТЕ
 182,29
ДРИПАВА
 182
ДРОБА
 185,182
ДРОБОВЕТЕ
 184
ДРУГ
 182,200,197,193,190,189,194,22,207,203,201,199,94,57,27,19
ДРУГА
 184,182,203,199,191,189,188
ДРУГАДЕ
 201
ДРУГАР
 131
ДРУГАРСКО
 166
ДРУГАРЯ
 182
ДРУГАТА
 207,185,92
ДРУГИ
 192,201,191,129,199,43,200,198,197,190,189,187,137,32,2
ДРУГИТЕ
 13,192
ДРУГИЯ
 201,189,20
ДРУГИЯТ
 201,182
ДРУГО
 190,200,201,191,38
ДРУГОТО
 92,182
ДРУГОЦВЕТНОТО
 182
ДРУГОЯЧЕ
 182
ДРУЖБА
 201
ДРУЖНО
 201
ДРУСАНЕ
 180
ДРУСАТЕ
 185
ДРЪЖКА
 194
ДРЪЗНАЛ
 201,196,185
ДРЯМКА
 147,99
ДС
 194
ДУБЛИКАТ
 163
ДУБЪЛ
 200
ДУЛСИНЕЯ
 131
ДУМА
 193,191,134
ДУМАТА
 191,182
ДУМИ
 190,188,183,110,68,65,22
ДУМИТЕ
 182,200,191,188,49,13
ДУПЕНЦА
 190
ДУПЕТА
 182
ДУПКА
 182
ДУПКИ
 193
ДУПКИТЕ
 190
ДУПЧЕШЕ
 99
ДУХ
 201
ДУХА
 190,104
ДУХАЛ
 190
ДУХАЛ/А
 190
ДУХАНЕ
 104
ДУХАШ
 190
ДУХОВА
 199
ДУХОВИТОСТ
 199
ДУХОВНА
 26
ДУХОВНО
 106,26
ДУХОВНОСТИ
 123
ДУХОВНОТО
 105
ДУШ
 193
ДУША
 184,103,201,191,183,182,52,38,5
ДУШАТА
 182,196,185,109,200,136,106,74,69,66,61,60,53,12
ДУШАТЯ
 182
ДУШЕВЕН
 106
ДУШИ
 196,185,192,182,165,103,53,33,11
ДУШИТЕ
 196,62,44
ДУШИЦИТЕ
 128
ДЪБОВА
 183
ДЪВКАНЕ
 117
ДЪВЧЕНЕ
 47
ДЪВЧЕНЕТО
 159
ДЪГА
 102,77,66
ДЪГАТА
 185
ДЪГОВИ
 66
ДЪЖД
 182,93,54,185,169,141,116,82,77
ДЪЖДА
 193,66,41
ДЪЖДОВЕ
 201
ДЪЖДОВЕН
 147,80
ДЪЖДОВНО
 185
ДЪЖДОВНОТО
 102
ДЪЖДОЗИМА
 53
ДЪЖДОСЛОВНИ
 93
ДЪЖДЪТ
 193,199,184,147,85
ДЪЛБАЕ
 185,98
ДЪЛБИНИТЕ
 201
ДЪЛБОКИ
 199
ДЪЛБОКО
 184,182,204,200
ДЪЛБОЧИНА
 185
ДЪЛБОЧИНАТА
 200
ДЪЛГА
 203,200,199
ДЪЛГИТЕ
 199
ДЪЛГИЯ
 52
ДЪЛГО
 200
ДЪЛГОСРОЧНО
 148
ДЪЛГОТО
 180
ДЪЛЖА
 198
ДЪЛЪГ
 190
ДЪНКИТЕ
 199
ДЪНО
 101
ДЪРВЕН
 194,190,138,92
ДЪРВЕТА
 184,85
ДЪРВЕШЕ
 197
ДЪРВОТО
 126,173
ДЪРЖАВА
 190,188,194,193
ДЪРЖАВАТА
 194,192
ДЪРЖАВНА
 188
ДЪРЖАВНИ
 190
ДЪРЖАЛ
 182
ДЪРЖАТ
 192,190
ДЪРЖЕШЕ
 196
ДЪРЖИ
 192
ДЪРЖИМ
 190
ДЪРЗОСТТА
 187
ДЪРПА
 33
ДЪРПАШ
 33
ДЪРПАШЕ
 201
ДЪРТ
 77
ДЪРТА
 183
ДЪРТИ
 100
ДЪСКА
 84
ДЪСКАТА
 197
ДЪХ
 174,194,191,182,169,143,111,87,86,63,47
ДЪХА
 109,87
ДЪХАВА
 179
ДЪХАВИ
 184
ДЪХАВИЯТ
 100
ДЪХЪТ
 182,161
ДЪЩЕРИЧКА
 200
ДЪЩЕРЯ
 111
ДЮНЕРА
 190
ДЮС
 168,138
ДЯВОЛ
 33,150
ДЯВОЛ(3
 33
ДЯВОЛА
 74
ДЯВОЛИТЕ
 190,200,199,193,191,187
ДЯВОЛСКИ
 182
ДЯВОЛЪТ
 138
ДЯДО
 130,190
ДЯЛ
 183
ДЯСНО
 182
